862334
516342
455998
061662
325120
592334
838352
682407
138309
642637
952195
753771
498836
179249
617684
523692
861144
519737
929323
961268
835103
029220
059931
168380
602865
461355
288080
267744
479778
908084
799939
360478
532646
930138
694415
212640
999134
533450
309005
479545
850381
586239
051219
563547
822622
140484
642979
760320
698695
721510
917267
063699
436187
688558
326035
301554
615406
997732
315997
072502
890981
635559
107183
976669
667599
159057
682066
240279
617347
146866
392183
877315
722591
625173
859234
733856
177031
860367
426621
494012
177800
416134
277583
031429
575734
776375
184117
903349
665171
403646
822443
034863
573281
481483
850956
386458
567568
978922
645176
108364
107128
069278
120151
459778
444324
417004
954614
478352
366566
943632
872700
244757
481685
032754
721175
726753
671880
054993
155786
493125
508170
750574
564282
498611
362806
014988
946880
825607
423237
599547
336468
388454
508264
056615
623128
235561
109113
958487
250520
165608
486583
882420
515893
704368
893831
038248
197093
011556
996944
682362
938963
579326
780531
637011
004184
256800
578077
867668
151551
671852
484027
218735
450463
306863
975260
002465
155169
995802
696020
609329
396719
137962
091217
534353
091526
299504
399947
443448
444719
801254
004378
178231
028799
313393
336781
822053
197301
181548
923955
726022
144954
554365
305713
759319
222839
932505
879415
215447
113820
278541
856469
912292
759652
343298
707182
066539
422353
492333
050346
291143
114931
620706
160434
696984
252101
237216
682501
149379
578563
478019
286796
474445
338984
886019
005591
784520
331209
432946
142952
675820
645685
058009
724671
271662
254098
100324
953679
244726
166478
796681
635477
903148
358602
995353
183519
241158
656858
114393
720195
049123
855499
236508
792284
528551
486442
128906
981536
305825
613220
663316
756222
151014
759092
698853
163583
627739
115991
200482
198213
869535
186512
198620
369141
376745
203672
902875
257343
444555
999525
712789
251538
194441
700708
232729
770329
732923
127673
349964
743188
690146
605016
080900
218778
486069
227379
962297
848521
283710
196604
247272
873262
960393
235107
884125
839909
899413
523693
515820
782174
231385
864005
245000
028089
902380
320895
047034
571463
757194
466375
857451
013747
992060
773436
541567
186345
816198
325058
535730
718425
559040
944628
584425
744824
875585
941821
253472
835646
888955
981723
747526
581529
318382
196569
072411
258422
322947
277538
507637
964999
102003
025438
271823
122730
840257
753274
663386
517791
245727
597133
729256
568630
273162
154912
497785
340972
703671
251313
043694
456551
788182
453236
012930
549599
062527
094356
111202
846480
498214
496675
163714
167440
227195
908294
631407
442805
244041
632706
347307
065262
773871
395142
174506
488379
104261
383654
456480
138740
360518
415421
439961
857856
180671
403241
929343
305833
378624
248799
549563
293314
818907
446035
092926
848625
527063
479352
684281
620025
772519
166118
493347
992216
047696
002832
661525
658775
974297
632002
075526
784440
154245
394176
192790
300550
322083
670688
241270
497677
709832
105664
094816
715748
399115
227981
898234
217536
646154
590181
216955
144930
680166
245513
027087
770129
041534
879269
923213
802616
561967
290211
173353
991032
326811
841377
833134
597404
681476
491561
296370
560043
857577
815761
663770
745374
663026
408881
733249
124560
889417
089409
911607
085782
422193
907971
117859
535003
435235
522394
927564
801954
772748
747857
491077
199519
636241
124684
720821
645584
975245
937429
566424
434502
176848
023127
917768
334393
297457
924251
390515
926811
377122
235095
123521
683025
640968
814142
298958
008695
626428
691390
815784
579027
712242
908141
568666
907244
284026
544582
224554
773207
531818
468229
359942
245473
876813
144467
335680
815728
113900
883485
686943
816169
152395
435803
032349
053247
605277
842380
161308
499314
240613
088416
698772
503660
177750
112269
842470
363637
871831
450811
681173
506795
555001
273111
283397
840607
074619
900718
229013
421428
089686
688791
682646
631486
517830
259731
113388
055910
166830
004496
114497
606397
046359
414251
405120
371929
145480
931390
847898
820580
314864
999988
386626
839426
966333
871540
007942
246502
383391
505968
130614
969513
954008
510394
180518
775950
520852
561102
242170
868981
974354
017362
979549
280858
753229
242452
285067
184218
516978
348070
535122
425785
597518
457897
940541
786427
859625
359942
498869
085623
095493
882011
323594
333962
588494
918887
807585
884159
491636
781761
886104
358104
547152
317285
593653
650566
593707
319983
935278
239792
884681
454416
124632
486242
434080
764069
664561
524608
398812
569450
123014
704571
187446
938670
876412
048910
667589
296274
055692
049858
117323
186479
167851
890754
892176
852405
900522
402383
250439
085593
706691
612780
769171
519589
387041
691937
252712
220590
524044
473426
513361
419415
408681
964632
562598
912373
817786
655783
556008
185136
391713
038276
004349
807910
926728
804652
168160
527085
531793
603280
641788
631904
774955
534929
408599
280670
700523
692455
598984
597736
058490
529394
221338
201752
575058
150198
897517
944892
709200
249238
799488
778361
180012
783208
501278
531221
668419
853131
126210
910814
081736
160551
165989
301924
164583
056806
480727
619045
537566
895300
933249
000208
054402
178773
652200
866629
568675
772230
587472
305618
023253
620455
742430
624753
521635
911643
442027
543061
673474
194276
498329
170273
344578
017775
524873
621694
117691
247297
969074
646663
149001
638730
574790
223629
328997
375464
169820
052649
990234
547922
724194
192052
648134
038073
397112
254688
211177
300145
449606
181771
624889
440796
886323
401444
835344
223993
650424
279197
941869
246426
125236
408254
422272
310269
894442
137052
704525
003289
058525
554776
389664
870369
802744
644156
277389
534588
451101
943145
850798
824885
352124
615969
922849
464370
629659
806537
304742
314456
974034
661051
060736
307713
893166
916800
873068
109289
172963
788382
718997
079349
308068
293408
002176
669306
814500
159089
825225
757645
659644
698475
265296
622415
503671
413234
109956
869369
242182
459760
743796
450524
800467
234336
182919
513843
560735
723424
799985
368612
988371
019952
433121
817899
332039
461824
025498
687159
432249
792499
016369
872504
685638
846293
959636
782990
305643
997279
998990
457667
596016
749870
409451
510170
088205
301294
572941
982503
932745
861713
449873
445920
477650
552809
901332
349327
882845
157557
358511
004859
174410
804808
833583
640372
859947
363246
813289
359555
282942
078012
957315
738039
845381
957476
713976
157291
437823
194588
290902
910890
810501
115865
031759
684258
295117
545743
561161
873056
991824
983075
002720
081457
410093
313082
919198
097548
766251
092319
465047
919543
239151
716542
782575
601805
894948
809760
884837
467894
561980
477366
723276
463966
724594
833865
051992
812080
176206
674427
106865
415687
480037
398458
653816
258535
332253
253507
246760
176915
468254
234219
443552
201444
147214
915130
443426
409390
672487
486001
436549
827905
292557
259860
908136
933864
019742
788140
465016
847961
561517
617324
566064
683643
023767
487232
031343
567803
594685
239910
064163
534718
831683
949598
819981
264039
025790
294685
003353
358263
117859
683732
645287
829235
550746
540461
657219
792500
681116
320671
190524
776120
602977
417105
111277
980915
935775
824992
216208
220461
190481
709817
435858
428552
578369
637861
355823
756722
913881
568317
939155
116597
749727
368789
258960
035079
854960
914252
888942
622953
185261
567862
116497
670884
290262
905492
420252
365738
052791
894199
582722
709126
875256
376232
327243
111300
847871
701327
563775
711530
376926
182072
812986
893364
644587
794177
565777
224236
389814
718375
241415
786452
999876
515685
147325
484563
762432
360088
259901
189071
810349
360033
483295
783801
878609
827091
700394
846241
807013
887709
317049
233788
444945
418207
517879
144716
936625
100407
060336
115517
339549
467031
125302
132967
352445
161777
729232
688385
813961
883489
808602
889536
015834
315081
398338
698679
211899
340876
359084
001912
244935
057573
779349
201924
764922
581767
327408
195302
135123
478891
809756
010319
733944
048265
912128
351513
939176
143974
497067
492411
846270
447003
804467
706923
739563
426931
944266
224626
793317
504922
015795
851316
987245
337408
835250
927960
670602
737925
434591
052879
308443
066791
235062
774022
399265
614876
548242
007041
627989
838920
080336
431390
350744
201084
368334
839402
415546
717722
095923
771041
157542
975901
022644
181920
808219
337604
500481
697030
959209
999561
071642
276940
825519
505138
872895
476504
179728
985057
058399
805625
175622
378446
684258
308942
238946
709098
641815
329096
996803
825538
010290
651612
266808
851203
616770
043419
006692
210272
445602
315121
096325
678703
500777
827328
845071
545854
170175
278079
251501
766607
650341
218113
645720
965559
063748
188729
758747
065754
297852
850572
716636
300623
773001
303417
276389
530483
930118
727114
869312
657862
228101
166454
721733
938486
152851
656163
243632
044636
194320
206444
049762
093084
665996
336475
280078
812128
235370
240710
766553
469966
873944
428227
709530
660694
402937
881277
129015
066365
964136
204285
035125
274177
597946
164428
840060
890572
022681
394271
879527
176446
887179
244517
421342
177849
409582
335593
216211
585028
124849
422630
258080
181615
669482
024049
857224
455154
448009
328412
701032
473222
130039
697145
665424
388170
514825
437697
329399
132057
517844
809674
662809
391714
300917
629143
855926
155284
092095
041834
617349
936302
048139
762176
484500
712836
140038
571956
400085
189295
008907
263816
351216
563967
464993
438920
388333
416212
658859
780995
586459
308873
275408
119248
949966
987879
151004
467658
807992
711895
650967
451958
653474
417981
385490
590382
339891
685916
600794
985495
674428
297809
571564
036978
719391
853527
062854
697172
661025
862606
471451
741467
368852
353646
085501
487277
270424
576279
400140
005708
911203
226556
761405
595130
249570
685385
326692
231832
099468
656232
588802
599325
115099
747116
388923
902943
091233
777040
197855
018715
438579
689931
918405
932964
787357
177480
565943
776879
583271
914848
999653
476987
247721
445500
793065
683527
071857
673954
978766
424654
190120
706197
752265
623428
473088
120291
505128
213370
199275
180491
416876
757388
950080
317516
780804
790582
877546
661091
863020
951092
734182
900366
615527
385069
232868
394937
491205
754476
359842
809298
298568
774613
247879
667851
799695
617494
468957
458167
161225
615967
416400
517495
558239
876264
035372
924194
952948
983095
998565
528113
451428
958358
839754
630975
498501
207971
992918
037342
804093
752773
404923
090764
427700
140203
001221
930778
896442
128069
089279
988098
530261
516517
544640
775211
075860
821798
037151
779777
078799
337536
580482
383322
664366
400673
325471
007971
478608
678146
848250
145965
572945
810361
377446
963639
503988
321792
562214
610657
299594
728437
712821
212064
724223
986392
353908
910807
461731
335953
579017
993696
512219
113858
526249
293977
275529
477751
513049
728734
635954
835873
213781
803606
222037
241551
318540
386456
390625
588312
797736
186543
534582
381548
742668
002839
708149
084599
643647
774808
971459
781833
191601
325921
748612
400360
880578
050532
828635
787444
954435
501436
233541
132673
342991
485000
042206
430949
978180
647465
194081
230552
719172
251429
291577
093289
795672
284100
153245
196338
181033
298946
807680
986818
067006
150854
172415
796264
671197
808102
671498
766071
949040
100118
117726
066184
071809
110138
074806
348534
382450
839912
897827
983255
770186
173322
088149
656510
198381
933772
495571
922020
345013
079858
088562
990580
611254
143589
600060
444902
609585
157351
222348
549022
247765
267293
137212
385103
386779
434398
230113
864613
761838
810596
232493
724712
342103
715136
099920
409242
861066
678918
571654
074907
158314
867825
640447
488515
657541
220301
264489
049486
420802
480407
115898
086298
142270
566038
952813
088842
692624
545817
149163
811839
406209
541367
831066
018110
058846
121950
854523
837933
313122
700585
441137
573963
258539
378178
314719
077538
755623
605125
431765
519840
208766
062357
034546
043951
234018
670067
271698
161078
519301
068728
094565
837655
707307
771456
036261
543007
257314
726367
631500
931946
356271
475722
009993
536993
870407
624503
710616
125333
965071
703052
605275
317223
983686
722161
010174
741756
504185
502860
888423
100898
953767
175882
296040
132094
453052
366231
800673
434879
232020
234425
700406
797881
015128
914841
565417
410312
326444
166084
700093
352664
899502
612375
629028
729456
536601
365513
654980
445404
487134
416862
524725
102095
855075
416988
854347
631979
059180
693148
524200
104453
556184
960462
474911
880922
588284
704450
159689
571702
211292
024278
085775
041133
450116
524949
164789
075923
003568
998190
230681
967374
414407
478623
517815
883296
069932
556269
747357
623664
808446
479889
377829
202765
367787
040460
956069
508375
783616
164771
413052
454422
216136
734142
205859
607757
941139
624335
323852
579043
900682
360270
405855
061629
514028
879130
240245
406444
091304
357994
752930
584044
990101
581385
304539
326055
587650
980683
704948
715792
250291
090400
730927
261939
631819
673556
039111
423338
373654
191475
422871
514358
970925
767387
782058
611590
777506
496724
714362
309883
602603
289480
616362
662642
033420
011742
498259
016464
140882
490866
684057
660257
666782
079170
791896
175999
961095
997956
740924
023536
644230
876513
792719
031167
284411
097927
380860
766757
741900
669008
082449
491665
155726
563912
053437
848521
389775
399677
487147
793398
285766
836485
165903
736094
887463
646574
967176
061322
872659
078582
225327
685412
687875
791524
838326
193739
177529
489544
539598
593555
263899
527540
787934
370240
057057
501367
385780
734263
261719
643960
754198
972918
605726
505447
761926
250912
211975
885349
187857
166527
437923
853848
419541
231169
617485
709644
719758
954849
979384
383529
337016
510678
678161
650649
203106
300476
195743
496406
520153
591452
916185
139771
793229
368398
823606
629381
301106
710603
617403
916378
632597
700775
748326
300288
434192
308308
850114
316110
370390
308315
986784
150151
273430
185509
409998
280879
177281
795596
592790
917793
897705
804131
475124
606565
340182
383669
287098
876656
022506
361781
665625
264365
935040
573947
804486
934486
892212
152652
602925
269940
605989
345960
597121
007255
667935
621163
518137
904773
069287
892518
652828
603668
789370
367966
890579
456473
277137
283539
267297
137046
774641
970067
291385
679466
207458
706552
585871
123716
534519
222079
802797
265331
732151
671490
130705
723783
754991
646710
858568
290782
749431
025960
148182
328238
148130
841465
213511
786918
459986
115349
027804
468487
159930
889368
982565
481334
724792
243495
945560
300380
860472
740396
702482
939075
626659
897050
496294
270586
254769
107575
536404
827252
167508
244728
694875
172499
085296
098587
370828
449721
924447
416192
472182
913914
374029
155131
720136
453047
085866
988279
061915
565512
021798
949008
595667
793666
066834
867200
951139
580742
320224
501567
374983
747702
152161
929185
521147
595473
997842
712061
134360
059454
355738
802233
526062
361474
786217
499855
851619
610656
841787
091887
383347
804873
665208
975726
926472
518736
264209
694411
658229
358241
785506
848303
754330
288478
120153
459009
200482
686214
290269
958415
661406
273531
349139
120340
186899
149462
160837
328167
644150
288502
401907
731750
983590
529791
835319
339163
257721
529151
479295
211590
860235
776389
194934
566926
925011
030068
164315
988597
382051
534983
384102
012156
032267
415187
249815
171033
894469
075298
608694
313578
192372
974278
547863
306350
018738
338543
181283
332516
128020
523271
414151
064890
776338
555767
986261
748177
013865
954901
797771
637413
283954
145891
225016
309277
218883
103435
431260
830410
994641
733152
949308
943631
846754
692906
521571
594718
360310
543936
010852
196241
596213
876427
680927
955016
398599
908997
820518
850601
621801
320930
959760
570389
584476
995012
752482
399636
178252
883098
889692
199035
204565
993753
356871
987233
286428
515743
149959
894222
633189
733406
260216
000604
620582
304892
251758
521633
357246
016250
483088
039963
849236
536106
690196
376008
114572
508340
189500
115423
587561
161835
035225
160702
394745
885147
535530
800767
220390
174995
507830
751024
532857
425619
203204
744159
131608
418765
477243
422721
482787
880762
582687
564095
773695
399122
172884
190638
941958
736107
972224
506109
607161
395472
449791
656003
209683
342091
577000
013867
636400
503894
225012
051047
351360
424907
573404
673212
226346
764238
506614
547552
829668
290969
725582
289179
928224
484650
483993
907286
879366
527793
430625
442285
998238
708746
180474
512736
741478
677720
310196
577551
770891
582112
640962
847396
333674
650183
808512
315361
360137
572757
509470
266348
302534
912781
267402
816212
892403
971223
191534
209849
028331
317356
708723
220235
470254
380289
113753
992729
303312
410356
401221
914175
670060
961877
789700
255325
431170
927693
405238
211919
982035
361153
500200
136756
931282
174095
412665
649152
449107
394613
966316
991856
423888
468716
822412
928420
714835
318883
088978
715100
405540
761560
943021
906977
982645
171170
259177
396897
088286
109328
157602
863155
777335
137399
297047
898767
725465
119846
338430
084786
310169
368901
093920
789917
710598
934896
429278
362734
979540
333049
328336
923322
196733
363768
890822
958107
028230
410037
874936
762163
417289
227711
960232
982705
424916
451818
696246
771755
154956
207429
630221
463554
514069
522820
379583
028245
642069
760427
464696
189156
753496
308612
231961
008611
520139
565132
773030
425686
793285
414635
044599
310335
015073
351725
631681
513776
037368
570729
053966
356090
071610
056717
573650
720755
044428
371065
744852
037363
040627
862155
709826
766772
642005
274501
079426
712917
515858
935922
629623
530864
063987
096196
496769
504826
432682
520217
232738
598252
597371
077354
237484
310648
739961
367284
927260
327323
876784
627550
353740
560997
945643
051751
250842
035361
626342
709653
502826
980629
525480
843609
497208
249246
934623
175349
291460
996328
231270
843834
827509
813645
311296
865425
694037
409689
269885
612500
583379
608927
849591
244026
893479
065861
062967
213650
302197
948308
991403
725795
292739
869611
021054
131204
484918
897299
325268
838741
299542
883915
455658
655888
700865
804917
551403
592374
496070
587116
269879
419190
223419
676725
126816
646144
680536
027592
967034
188550
827528
058543
139263
270386
306031
665136
378335
568015
541627
990990
429522
631529
448166
496011
513828
052812
970096
488767
791380
578110
120220
139594
154279
245562
281831
554936
471577
177144
813039
213830
016312
237950
613398
342663
305116
753274
577070
493335
167536
702613
116434
392480
754289
643655
692213
625171
332914
985595
212766
980603
238385
714608
758437
928089
805634
876571
940295
009963
975245
398737
139681
496863
375518
696486
376924
373413
838331
047349
013759
654590
637688
752420
709804
053414
155465
404325
086941
291058
180384
449612
650139
266765
987939
671678
847863
748374
080403
044914
539511
190532
702400
445198
398779
404592
299421
558877
655353
170561
631329
439162
853298
175070
872356
501750
114324
691136
197994
054370
536459
514992
240296
677931
864340
946905
365458
623362
005192
833590
652919
367593
876563
998958
479314
664116
478811
427928
159525
763629
658615
297711
780628
801475
874703
143007
136379
444418
688048
979746
303962
206620
136181
724563
008307
077482
880846
377508
663010
531922
407490
425408
024686
271370
307309
276041
747358
487685
382091
014153
140531
003663
337944
350264
147143
253637
333014
400165
537343
697305
670999
053323
079732
461946
258466
650438
275835
766565
768382
853441
232049
589226
377908
984099
147288
115000
971953
600373
561501
952891
831724
190679
659324
685941
837358
134932
281099
489093
059423
891954
868549
475021
694852
619383
502559
843768
204820
452729
561352
652726
440183
783087
038940
131832
475151
816794
065548
793260
096787
765703
600397
788955
798594
749836
765598
634101
480601
904366
666327
086261
041032
080935
105625
317951
836691
775464
957043
396036
582795
691528
583550
034708
969285
661816
760316
362060
043927
160139
915931
225322
493181
323691
681872
195138
081889
134196
703031
434874
124328
543941
918148
066173
978616
422345
356240
150427
310841
260215
150692
402017
192683
291777
462914
191823
551382
399371
444936
703499
850519
006098
631288
452865
291233
452095
829330
611803
530890
499947
924259
463800
375818
708525
989439
045859
693841
823853
186949
116731
724926
673284
151842
644990
128620
409078
428792
672994
954438
460643
439208
778708
850973
316287
273298
453621
748170
849515
574779
731264
137183
973622
346415
394871
248499
140744
591364
049275
458224
234819
208003
321481
850704
773645
860962
969432
984454
211390
801388
699574
204630
043194
771325
149052
119493
609270
888245
646613
287245
026508
955296
348143
728094
920130
731963
619379
350248
411175
549505
520311
782855
304176
689337
910548
401377
119487
509868
473157
883163
367024
612347
308554
789077
512934
347926
031401
494963
904894
024568
398631
656782
561098
237186
111190
365471
409881
886822
310812
279986
005215
863328
687969
719798
981651
560677
225297
625436
570243
029462
535096
604991
201068
298333
708881
259682
243002
847202
444374
906930
222907
316652
305003
665571
752583
092840
641701
740172
743017
099973
084032
438221
282199
986000
582272
278475
035744
318785
615962
585750
341177
463202
514397
235385
017005
078783
525884
075319
161132
781888
984067
661827
429449
903654
619111
098346
517398
800837
059418
827664
134119
338639
395752
338122
547096
585802
680784
576259
814397
960596
854965
610825
725788
124845
100284
878305
701220
689908
449611
613683
071755
446857
835238
959992
412922
927553
235573
233076
674057
689118
375605
785151
013397
246714
518461
180759
720209
201033
036739
832754
686510
929735
734037
425808
386538
675726
143314
073159
747470
338194
263891
241533
906754
801295
531016
369951
195454
352114
941867
029375
510792
838209
340472
813529
621953
422254
810554
815138
717918
330815
197863
452530
954893
236889
246266
206359
049833
746237
863099
418393
418956
439481
114464
196062
769399
492150
289863
542720
098878
619232
920525
003920
372049
146934
179285
113514
893118
044008
783330
547837
869770
146624
014360
493651
896154
618189
381413
146902
302446
503060
767007
909388
061615
639373
024421
573102
328471
493506
954925
856950
360615
120412
154300
537421
065412
391033
972876
044899
556591
862351
683911
418490
799483
745456
551373
985743
744294
474976
446720
564575
815101
968566
017170
933066
625360
281818
090896
230402
340784
698007
478367
842268
497402
958899
349194
010632
114804
726425
840428
466916
567020
617398
772881
099845
443770
783847
113879
387517
439589
542523
921582
853645
026213
675539
900588
521828
887151
491527
186515
462599
382267
991130
167497
903749
138232
763234
855182
027375
655575
838090
352365
779531
219499
848422
601752
489514
945195
995996
895255
389148
289362
344269
941723
374347
152598
442237
858750
441987
067892
256488
965020
349246
256033
995281
540876
842014
733419
654430
635291
661983
586947
806568
537878
923867
637347
684555
065164
446857
490952
848577
999623
505034
512835
475270
131234
748866
806041
499713
430326
564086
730619
473188
016388
920995
418768
419111
980246
272406
403679
013849
622767
476512
874024
151815
988561
588528
297048
554853
340767
859608
061285
712410
327394
076693
870593
280317
922522
397790
895550
792341
145169
760174
918566
221356
801911
090335
002793
279556
262686
407186
044693
233469
815114
165071
689062
835107
651652
436368
914048
312245
091036
298437
396491
174487
685738
095308
435084
573917
258418
465759
751442
620717
723182
010475
869659
260975
452818
633778
562013
993273
325824
471927
202023
758957
370237
098241
768371
658757
790660
444044
840981
547809
169068
985855
908829
581072
397532
192949
902018
980902
708387
105030
763011
598888
214908
154232
555915
499666
251816
964889
430805
202377
985666
426147
364334
500576
638974
769087
439336
693826
197538
687676
719151
054931
358926
536053
856334
583273
898496
174322
612968
970322
318521
119647
737187
348402
545600
628739
909686
740147
966363
654677
986827
564533
859451
472783
169004
655163
387477
635265
553849
489319
990427
038709
521914
984933
249631
360486
189182
753828
616400
293052
285967
175548
775928
510129
800950
822914
911735
791460
204089
443389
495126
558383
203018
155817
524683
371437
083677
773559
351491
521148
208017
478283
595448
315865
081967
871991
298052
404632
511064
655658
474856
515778
599127
054736
521691
356221
131641
784073
071027
033362
134990
012800
524601
156651
264482
858091
712803
016138
195455
036012
794211
742288
471249
911407
006185
591344
109605
699625
361074
535294
581873
022600
228008
608979
899340
463572
786695
501012
580950
962549
951121
810066
180759
599785
522756
497390
583795
465292
011480
643344
162140
199063
640721
168000
662272
563803
374247
998368
286139
263699
236526
308785
089830
682109
816227
591004
113379
286519
012279
155807
378650
981429
875209
722526
267758
568337
316518
698609
394115
095757
939381
402572
983543
823446
320591
128079
359523
662747
993425
876770
398050
117331
251489
605765
910754
520062
450968
148199
725826
179374
879893
756549
984430
978860
997116
975635
150744
869600
158513
378504
856143
966570
391646
936829
594791
843715
709076
624834
150282
829600
243269
418437
618890
948542
101901
239180
252023
856940
062412
111924
455938
941268
675906
474644
645120
065638
515020
645268
657046
689751
197278
446608
435324
157903
664326
695504
997499
382520
769779
853689
080785
994511
002305
596994
121770
299962
609982
156345
661331
787555
190055
412729
986287
947852
369133
963763
912753
762209
360205
777097
785323
480277
104777
709785
915663
410454
592096
755823
097637
783490
612475
171282
201256
219302
362761
252064
136712
570510
785972
793427
256289
179095
437076
857169
992227
585851
332084
813696
177191
664804
974904
815180
933666
031451
804751
765345
266949
586307
471008
913285
734492
423827
191580
160752
847848
754242
274273
183452
549841
997577
882252
184275
808281
152225
253928
119591
505409
939433
479861
011356
412234
182519
999957
775736
459976
058070
248732
834315
695043
518760
743675
983262
441711
462688
707613
501053
836929
908979
027566
185139
459484
557124
728568
463034
680079
621651
127098
417759
911036
399859
936515
248608
215547
002331
431712
715890
148182
591856
097509
421960
693104
055205
486281
187059
064881
020899
813789
730071
199515
503979
431610
014877
743468
427551
332205
135029
921561
774485
386380
785970
170026
885614
012430
987152
098148
568790
574894
593895
369495
014586
388189
588461
927213
385833
253820
186975
338488
333347
323950
431990
101096
576040
724525
518575
493858
789766
424943
088967
112792
296950
018879
716239
112047
975857
696381
859951
333096
799294
222930
202039
771276
627199
153914
730037
859156
666638
065066
216952
932280
042023
533033
105795
141141
141992
901336
773219
951465
402540
609761
194658
606121
755828
058628
580854
041505
673468
151290
970605
752268
967214
817642
657261
478886
198040
853658
389200
808911
323713
672272
836790
553302
429657
427788
640700
726583
860617
320839
664416
582329
525243
430918
591483
385773
199385
820343
397600
963003
479769
713590
214584
628407
383936
156750
545932
060183
959608
456489
777131
274690
507042
976512
426059
162219
093292
960101
439884
556440
775558
170709
754903
142097
297084
479603
501049
044363
778551
294637
281209
631793
163800
500967
648034
975294
838387
909352
639594
466304
148440
712365
510243
871220
071387
584920
019816
677821
846893
984909
400698
845186
988462
021476
344296
067560
313903
580458
624955
792335
936585
852874
750152
209129
869017
731904
679067
744620
554970
428559
146416
312021
118264
277384
113970
448831
363988
483568
326603
304057
625700
735372
901035
593010
288468
472309
239922
467511
252995
435154
388333
734804
112351
222047
331625
145319
920355
365411
102544
027392
207855
797850
508474
423718
943194
049365
365929
103359
249503
157418
103792
191775
399706
471651
297477
334683
117161
456064
689903
404326
791719
968195
533111
878630
588471
889013
182262
901288
520418
781894
043275
474642
356899
335805
002083
330743
833477
931917
493454
951516
715033
263280
196685
191142
386730
176238
527088
992054
305040
931469
234650
996597
975822
430161
773508
739892
096569
275058
199935
386496
922624
914739
849082
352752
872714
846800
644058
654090
881483
394757
282130
330847
822462
584547
273039
848035
369765
912408
424020
061622
337464
236977
278554
714434
665447
018614
466220
973504
255840
770042
696194
076089
084261
553255
875936
225836
698238
657859
692501
250127
445169
009169
143684
436942
900961
860558
838498
380842
606139
300826
723587
414447
881236
283613
329183
601462
517391
930945
748625
409865
508666
152382
844276
744139
309734
730546
095113
839230
792235
521429
560375
555315
884407
219001
335723
365647
552431
269947
684744
107096
707415
780368
626857
059365
663219
110389
173805
995882
059877
650816
370760
576262
762280
360616
800123
471600
971552
562607
020219
046109
314500
643572
096712
665819
158050
671992
656305
382080
688780
514710
378280
909652
861155
628756
243669
010488
039834
834153
036872
183498
098895
698943
131612
506337
305517
836783
291316
211725
578206
255384
391167
213863
817838
531946
581030
285135
962021
853486
792796
769388
471635
027410
748573
400616
025057
694351
384245
721751
269886
084567
247860
017351
409463
948368
719591
168475
036154
622992
576653
203624
593279
228248
455066
219290
697604
163730
124007
687688
259198
390543
997120
877007
660048
136133
720131
674477
493360
588325
910988
566794
800319
297430
486271
306415
853573
306093
334301
801742
013061
927232
240351
660073
833896
513898
616624
104770
702937
640292
460873
739673
406027
170695
476991
242904
523033
626515
352182
201869
855208
480494
198119
187827
036312
771688
617891
562909
759825
495472
560064
938890
534952
819976
727067
270818
163233
663090
001715
693503
522890
148560
425173
386607
362616
440759
959651
225454
640498
446296
760227
884081
252867
091743
883903
277068
189183
087376
869417
016798
236474
982121
246592
229290
738229
190576
008814
359111
770739
962671
111610
436220
783444
271130
700515
940148
196546
745092
998002
367294
637936
454826
090909
411581
124979
167909
167090
095994
878074
328773
318384
575640
263438
075977
347125
569479
861930
513685
888151
746042
015520
287288
221968
841728
487145
986052
471237
653836
604337
072914
025295
676547
081998
525404
807792
895034
737351
001456
597312
912982
190576
514557
835354
414134
205146
676077
414600
731936
263304
493640
846393
976931
976122
643883
458670
341507
989186
243556
704878
046057
930455
156613
392801
645615
838394
681318
776362
899063
735673
325463
055457
659883
120617
794409
079440
870364
676871
839392
208495
504803
658077
248092
395815
054428
351962
949626
363866
055392
081526
543353
047370
373588
561772
078105
296285
985083
640030
615903
208898
437001
115846
785298
462624
468702
447021
133424
378813
243960
246078
343700
747512
215046
833835
618294
160965
836557
577954
856837
020155
179909
668255
770400
584710
055246
916589
579620
796714
193147
460981
111785
094175
525198
509847
981092
646369
773730
534922
003246
135057
825785
236635
066761
006528
867863
589661
686529
766003
553070
726658
983604
061974
641891
472907
950844
986857
602425
759471
722137
029046
512685
809029
146491
181236
888344
584871
235951
859346
542940
754260
786148
864164
844078
291866
399936
595164
572612
139811
863388
381052
652885
952064
768969
809877
900063
386910
279192
367513
339320
179077
599237
905234
091978
956775
044971
836190
737876
509577
142319
895990
572625
009801
162144
536605
880238
402372
415551
280614
515327
717057
257259
411499
236894
887293
153871
717893
596640
575555
616803
192655
068202
660692
711376
364342
674226
784976
816646
312185
123410
038785
515953
222017
456512
679976
742228
295566
379701
671746
674857
185056
869527
586692
950809
157901
700998
599341
417163
569877
191834
148126
320881
733911
123296
942071
341356
058977
954192
730997
322975
657156
481011
413653
657988
274310
379197
538264
974783
314091
175825
736790
620171
349252
226208
063608
899616
223040
828504
804173
520454
338283
184287
095873
731302
183490
546759
967813
203060
317537
603700
594763
137810
263162
481571
230556
616792
163127
909865
837500
663085
768183
155734
773735
444464
359413
207368
000463
932555
090707
828987
845338
875380
806521
166468
888441
357609
273814
127672
076455
502389
866504
483385
379342
941647
815893
973471
126169
461179
411168
312063
756641
118735
723063
586155
452387
458986
167811
571760
781982
133606
119877
725681
077194
730043
147629
030892
091746
369565
604773
447895
241273
134153
979945
138566
413009
103882
479067
936294
438983
917782
165473
631053
604568
060637
376037
806524
395783
768097
187823
794230
562539
637378
200290
829425
939005
551120
559541
113848
164340
176679
763704
560847
221637
929518
778154
668952
842802
348485
248515
535928
504423
676814
851815
535631
406828
742568
405283
492054
901365
211390
126508
492779
555568
707307
677650
548158
987727
628001
365185
865517
283006
564463
773989
752608
327507
760096
749719
391783
490293
098034
208418
220362
317688
293621
113029
143051
286330
662543
212919
163781
349731
529221
069395
590027
109150
391432
998814
539317
814592
836407
949655
028184
905464
795393
056525
144990
412516
562329
220534
868313
039164
766770
187441
924925
890771
789590
501512
578894
357069
898310
653262
284448
169357
517965
910981
189018
285025
443848
674008
251665
341469
001183
873398
402639
604091
197287
475620
704213
474655
863730
909310
631237
585048
786784
838366
162803
099703
252116
278418
311119
015581
783155
502658
313496
043601
501882
090329
915464
803630
476001
420607
962960
893639
445590
345545
761023
793231
672515
354486
421905
467324
329972
557877
914907
867264
865112
270398
074118
175094
685083
441356
394144
483802
465595
175213
807168
190040
415750
392897
007086
663244
642126
689494
946124
272707
660864
378557
378444
007335
742639
272545
718844
373972
728954
882614
910353
603711
771017
501026
975909
283890
019446
011848
845922
078288
497933
998415
018665
565410
498022
658677
490552
929531
823809
705770
059152
716283
988065
764442
727739
668938
112660
753033
088728
769115
129801
563029
384561
748502
978267
576856
011574
546299
441490
482889
966477
963383
392532
317940
274035
108407
536365
609163
502118
419310
603762
975674
895714
919851
093484
973149
888195
792089
888800
815252
964781
313197
811082
094493
090463
391814
314616
025996
959843
017091
831717
848353
501563
238210
580984
660134
916612
340614
665251
317630
803895
748993
873126
828050
962175
079205
889321
908642
852097
231322
706602
398511
439142
802789
327131
084622
647725
885368
305959
384035
137145
273723
748621
683914
952998
054620
806798
668496
146797
141318
593394
784513
641936
817860
475310
897738
636219
923933
015826
477360
578044
992416
925133
207421
114706
603923
697354
065134
051601
787805
252045
589130
589316
020033
819893
777373
953389
359586
273310
406299
361368
553066
996168
673871
216211
211884
545271
395407
731463
999950
667406
369126
276242
673459
167551
838044
310194
375538
031582
643659
000869
687302
146922
742376
244236
927016
241077
286180
332544
826473
825734
427168
657945
541389
075291
612516
582425
803617
079418
575667
274750
720030
981653
585182
067440
908276
104308
024659
794662
644647
353126
860328
019290
572547
862261
937617
879835
373418
558987
851251
394571
954115
194588
081512
493418
252894
378489
081668
460567
162351
558812
316958
721383
020695
377202
731328
517015
324177
278366
370935
346602
930037
673968
400557
973747
150753
211647
447829
404660
484643
862804
006163
276099
827186
826955
157029
683379
822837
386483
394600
115863
052695
665971
037301
015381
024502
574668
984394
938259
248154
515348
191762
070720
086238
161801
075953
347548
594515
518184
226715
511897
046852
016588
881431
797904
718001
439267
891621
324354
034288
135518
979471
402809
429575
683999
144107
969333
069323
890538
088302
701938
215859
275866
263840
860236
051382
209851
825014
265061
755596
907423
456009
116679
762954
006431
019169
090350
603628
616585
495785
186970
445594
845150
471672
139868
875570
188486
330351
761672
018294
948938
557113
976715
655723
848053
941740
630592
523278
205608
464887
873807
963706
813662
408799
093407
217588
835554
470415
376791
352911
571230
268160
831577
518779
148205
486263
770830
033541
494294
023563
039677
704440
563634
773022
304292
826610
510339
903609
076239
906677
879042
807151
798029
404170
603053
801670
827597
740969
195854
097722
134706
771219
108670
464444
544284
132729
181277
416256
188815
294474
968572
396296
879905
700410
410792
176592
694093
436234
595032
085324
810439
694615
012055
236209
042160
971303
957009
677387
686443
145570
701009
857614
674474
251442
160021
139860
422512
598898
863731
403492
295962
779962
381595
674382
620754
575827
418089
995214
415416
471127
540335
508412
657446
626147
722767
392592
056782
495012
174178
251041
893889
190501
728521
489176
912666
758765
968234
581840
371109
603443
116463
903608
109409
029847
000496
890771
910075
926416
493257
405825
903237
174543
813021
471328
538245
588831
882887
979812
177996
319877
299517
526687
697604
118491
104738
180018
300429
301594
678011
854787
528775
874313
856500
375650
309651
484842
326319
942556
446946
516588
711192
210710
970571
096438
169473
106336
354051
349478
935391
262044
531434
951961
690178
984139
431676
343653
480885
452099
114166
956036
817153
710319
319081
542777
941588
458935
181419
356629
307634
456394
853129
166875
939626
402919
810977
985562
163124
677267
893348
787358
154033
960140
698680
880665
291130
558477
447587
990209
009693
083855
151344
156439
096117
297038
471133
369042
903484
019367
820164
541408
094552
743554
440107
550028
831033
699358
370711
229065
594242
002977
521282
633478
710381
366544
402276
875856
688688
981125
660374
850144
808819
457877
366094
786526
742258
667396
633005
064889
856580
880493
761828
009009
229079
637351
550523
514624
706338
421259
668010
730686
294446
167837
323499
461105
062144
908938
473004
659974
197233
544299
814826
774198
013400
350607
758794
984847
658122
170692
624964
946620
607023
186417
362584
327326
462766
855102
518379
835972
046191
033599
707925
773129
350541
378933
179294
058291
104960
769229
372840
088279
003411
939245
186552
313920
741888
092769
509511
318861
063557
983223
287359
963937
411557
145786
044693
685055
239429
484964
629077
658553
823151
635424
111215
385186
454359
548318
470018
452460
853625
143594
615364
166875
824980
402629
295072
193014
166562
906643
274662
626480
834073
699367
690397
445675
390687
463429
978848
064154
519100
732915
161147
923297
755294
605334
890457
004694
604212
663487
072597
952886
262818
371020
979500
045189
175770
898377
442749
863250
053148
684972
480256
333330
272700
193970
174905
552073
722153
497549
310342
149847
787658
056980
751195
330525
497208
471422
763576
770587
908928
524520
022326
590996
023164
369393
459058
775799
878612
552687
404773
309728
102819
526971
188704
639761
888298
795154
277811
099906
708267
276882
225899
016079
833631
509984
048902
257928
861895
333979
490080
544612
504795
511920
509254
734544
045026
929400
904257
170522
454464
233356
412469
075912
439153
662703
290514
494575
275585
177831
875302
108799
666455
897462
082023
875586
661445
675338
597996
753758
147206
721273
173841
546290
786733
871012
430917
157675
425865
779923
379409
277833
266706
700398
867516
797253
564173
238292
395845
910006
960642
104599
868382
305847
942632
537489
282083
285479
457646
701809
153651
842230
699439
500844
307780
939901
192310
656544
862959
225330
016240
583307
003082
038321
737250
768338
279350
109293
148249
178731
824377
526067
641735
795440
167772
552884
510807
299372
085884
097118
606077
845363
192499
060446
722219
714922
570600
184165
125418
390210
052774
919269
750577
200058
891454
402667
378410
573962
046216
883510
753070
996438
138104
233625
701526
391003
967316
961439
567090
083150
345742
079679
267430
109985
797629
028506
580362
833830
501951
161241
007281
882994
051988
017019
970849
090250
681774
834054
792449
602654
405761
655647
538648
287014
554679
491185
414955
820895
924662
028430
518197
994966
688138
658092
873869
485301
472439
867571
827574
529371
308880
257959
500639
594679
645322
056051
557861
390048
443720
244498
597228
934971
211963
431443
631950
959746
984611
129398
498620
533330
593032
549271
276322
255329
350354
090631
971345
680984
578205
797032
542287
622915
854466
844083
920601
649285
094941
937171
595443
028312
830852
953202
062793
993332
691498
561066
299602
413592
727448
740271
163618
083113
887593
470316
366110
754183
109838
256381
429261
833128
353117
312664
440065
991755
514020
689202
553889
653579
406281
986044
169506
674611
216140
402042
326124
827853
023225
411519
327980
877895
738163
744813
383461
040970
513198
139165
993390
115365
494387
990029
375614
084354
798575
733639
287938
575967
849213
719490
099784
422843
051339
267962
876151
852337
957251
306415
774774
575306
522108
357107
468075
499633
587036
938052
642130
423529
794932
947485
320226
674498
428615
625289
635555
435394
629108
627259
863362
720763
653200
870707
748078
958037
841956
505271
976279
377991
504141
450634
332684
082846
477502
950026
277650
155789
226232
076054
613236
047091
926974
522317
366244
144827
027856
897294
847319
353098
195825
976104
599411
332355
098736
814543
449567
371271
823896
592354
641621
304025
906890
476801
600178
802819
007095
930631
770300
278503
043743
019666
970505
643929
994910
644083
668799
777591
470869
762615
854803
603017
809666
369100
614726
448337
653890
809316
180923
599119
679354
376730
960455
931810
472795
240072
089433
606566
506916
448152
352858
920517
547142
988186
967594
663515
405147
619889
522631
279484
132213
467527
978836
426644
021055
484516
338096
855297
754479
817325
411329
013181
056034
483856
991472
226318
020733
177449
300069
961479
476919
927538
165260
079595
707440
041721
327316
827662
883229
128990
609876
485474
511925
377804
280522
760400
483957
915073
083396
278360
832382
267807
887020
905294
037020
740093
332179
461743
796080
916478
280412
758446
416518
916101
377035
807236
852992
407052
727674
625544
496449
355742
967791
931444
027778
107779
251602
019875
845571
085271
501143
264553
492513
310187
026178
731663
743154
625891
209279
798105
017397
402272
784867
786943
799334
476852
703321
579150
199868
097960
363521
308860
466253
878627
155632
572761
269695
634668
786774
859596
296752
733340
793650
492457
775726
221660
502809
880710
665150
842444
084119
676158
692194
932139
281101
472225
754687
836981
357578
117535
512901
178527
684959
113034
312883
384546
394587
783525
827706
507225
613586
550793
134023
503470
864239
572927
834450
461164
844042
343267
055060
736490
166425
878898
328824
834990
592838
729518
599553
946147
939156
683924
458095
923111
936604
376774
239149
476708
525916
342418
454659
129860
241330
671038
058303
211894
895098
009078
570978
660651
511467
279038
377187
585519
601558
302912
713342
758856
441187
909916
098947
665364
167735
823576
479910
718217
520654
663313
474557
991068
610113
428134
826442
443071
306579
765766
168054
069413
686071
589360
873978
610006
596984
258821
597435
942086
550328
902565
131431
955403
334494
699903
618386
206327
221806
187442
497326
015467
657826
057530
831171
869063
007417
763963
750087
847840
852368
908245
617481
421520
733480
968445
767569
986467
752432
449433
133141
724601
520146
198677
662335
220730
531468
922396
310894
154845
508751
185928
385618
578674
641265
085868
175124
987073
601170
166993
980900
693890
935046
820201
578053
707843
335689
350794
168457
850197
416417
681823
776799
415564
059216
989960
362707
464210
089875
079958
515330
492425
496731
631163
245336
491564
635732
076038
237329
097308
293816
444166
127042
181967
920505
262494
200403
206309
457322
699067
175152
147373
409324
961048
792421
809250
224895
250930
022340
259171
283695
854711
313729
511309
616922
474821
397788
049829
162581
344324
495325
630679
671667
796866
240723
362463
021852
234458
011893
171161
198575
932324
097257
378064
435586
579850
756429
330623
173537
884315
510762
436055
816922
699862
629295
112278
512997
594486
487001
933193
049419
021946
275658
197555
045399
405225
370126
786383
512734
180724
166200
942132
613896
931674
114932
439004
113542
072794
538025
158287
675102
278025
651452
672245
148767
635455
010150
663978
549154
451504
066728
356791
465467
186178
703096
388080
174618
529377
327491
227741
622308
167417
609296
512489
667482
573012
906810
963159
560021
867437
549928
337313
724324
071205
338102
033856
056174
682162
872551
215581
341673
242172
040744
218896
086553
730543
485302
611620
820354
494152
676404
405463
218363
289350
684857
694472
778131
312490
987949
600056
395135
458150
564714
769313
971293
537694
745351
600978
418129
865096
523171
152388
122036
583512
152051
530914
037036
530098
708892
347800
876906
885510
397398
114701
325503
346289
267616
918340
162797
494714
182858
689610
014636
297902
858476
089094
548859
333195
938237
159725
955258
616345
455411
888134
143473
404905
735553
393562
546486
737967
209475
692727
165092
127440
595847
946105
284273
769528
495059
932062
272141
539685
489119
237266
991677
303204
613168
546109
216201
451954
730734
182885
245955
933794
721861
338602
455543
009394
708990
447232
493333
460733
035905
634229
635618
137404
540497
953187
861823
983420
070214
776320
677230
700880
711178
349487
789737
276268
321342
465118
677760
795282
030587
249282
098100
313926
100187
541118
834847
916483
404812
555305
191348
087802
615705
687520
728158
692343
203796
912118
886326
748076
255042
154442
708271
158818
642704
810568
148605
321774
850315
798393
944907
632560
448781
491949
092721
775727
153158
969213
211926
890920
784421
491400
081600
915048
422633
949913
970403
823893
686459
411839
413386
847681
857092
891041
061900
607999
226058
787109
779155
693754
705302
290023
230482
879308
021692
517621
199109
719782
540547
560665
882851
942713
445862
725885
399439
480118
301127
249029
114947
268226
716469
606519
136840
376978
503796
621213
881737
070645
513823
557643
796970
739412
057786
595402
745930
688369
105849
402065
525433
335931
779708
246652
831283
058633
683847
791730
691214
075768
747189
885160
468902
992321
094032
160723
502823
663285
015023
710467
073485
339764
524382
286275
547677
876519
066404
777802
327413
612951
845434
232235
836495
104896
638585
265153
788636
396862
667130
761224
715100
618865
462316
846637
249904
117027
553028
064445
940033
227200
756228
380720
580280
221574
111970
795379
757671
596506
683612
083968
362391
803887
525942
254225
066013
923235
530185
485436
575712
231797
610808
562796
239826
859580
339773
697898
570852
369612
041579
407076
594409
280950
701604
732765
917655
411153
401445
938240
860768
454724
721867
470926
879862
687074
225626
587333
628853
813332
289687
526097
012474
849460
366381
136613
742685
847646
986983
219042
200924
882853
839972
266178
524050
390505
841389
316077
219225
195284
949545
464001
673034
494036
800497
727416
669342
613455
179586
279195
311645
083778
057815
858303
877152
309223
278891
062490
164801
317544
225350
603308
405085
160652
858241
658476
337366
504560
791920
028166
481531
629157
893983
711799
198179
823395
416242
375852
762652
009273
727714
873422
246189
316060
859251
293944
954252
600124
303384
586992
931971
165503
657390
394682
882009
346809
770940
568829
663226
746311
210530
043327
479653
251443
832313
749858
944072
387508
103351
724243
214727
575094
029290
869371
057722
451881
463806
502960
613747
928346
049265
421326
619041
146430
679514
022051
984724
569849
570404
693629
945991
894524
116591
556855
408769
936835
338422
292747
438171
577688
055061
765280
057547
517500
657343
173487
345138
255459
765105
032154
345961
689653
279202
348312
870072
814506
649354
629873
561066
605547
772093
236074
862532
944032
936262
579439
054544
215813
347970
385769
790730
243453
434941
129848
013386
315311
743734
091998
215976
108752
466294
955017
323667
031348
995411
073008
709046
697309
851965
786571
992697
543499
868577
444952
322580
895027
069414
473294
040016
922776
274008
245655
718123
271167
287030
490541
368364
406219
368114
056249
191292
260266
072755
637542
157330
803904
927004
675069
502295
484143
210352
921557
009617
601288
915165
078292
663547
255854
139022
280344
813592
971155
473256
250644
760875
767690
689988
613669
800697
766134
511497
844197
056374
617629
861110
426391
293203
304171
437761
738959
545363
191345
177661
640918
289908
984802
461201
915347
981032
189458
693411
913647
039203
920229
704967
156933
286401
409487
698672
848502
605794
045324
231938
921198
034978
041930
083764
338836
935796
279121
585625
468756
384095
604703
185031
493304
980887
369881
404839
593096
525514
312245
006634
926562
148712
649340
570357
280342
926091
879027
295947
856209
264448
433681
192344
314914
299314
351133
235101
861631
017178
615128
184566
572032
607233
875661
798812
027982
975151
079783
707175
451628
664736
438925
200968
268074
815762
563139
575577
415935
948671
615927
733264
945079
940812
446863
198595
971974
558534
656518
434565
819067
183770
878354
156439
942742
872824
859507
351287
258513
564821
559250
680576
713349
366663
365212
675683
726585
268618
921125
710675
405554
497372
930473
076136
984592
640094
515148
576963
694133
014550
216866
598853
512656
536774
078779
472099
527310
905058
868150
315083
307528
620675
454785
533144
126891
914268
126781
562858
607819
382930
046383
370482
291926
012997
102797
499045
114540
522082
148489
985550
120730
561211
434254
038771
218746
184296
478307
104029
482049
854105
309822
498522
977637
445720
186334
033082
021617
199604
249693
885312
612079
891470
656553
794554
878800
526944
574430
063164
311997
249935
199188
108977
229041
400910
733019
160590
983093
036866
355667
574653
991186
182985
488092
424134
970139
400371
713314
356245
533022
140616
491618
947355
771662
915205
479018
334094
922118
970348
742519
620152
063520
382001
053062
093459
877997
422957
963083
501066
379545
821695
419959
040954
315225
323673
302224
583172
728496
670772
668045
620677
384668
585492
612524
467660
880075
887846
607274
000837
346119
304380
829833
366804
450724
284153
840738
158126
884510
533663
811947
643162
703197
134970
682484
082436
391787
224067
303467
600130
724793
165958
429845
472225
724871
948512
093284
671384
621999
581513
024890
346459
447846
646888
539511
798435
660781
399518
522495
776372
803242
882595
666350
933845
513593
234249
705445
765151
022437
676384
854270
501580
949578
169304
119315
189393
292800
756472
573566
608113
295917
399186
348295
969093
038118
755397
595346
792707
647136
900242
270208
495503
704834
578766
836783
081876
143737
631306
459035
418522
874028
234056
756077
361101
585130
726600
645122
342774
455375
297224
836878
955346
166020
770199
662695
124071
080497
350265
539631
183454
561990
300454
900359
133625
802891
473487
483072
681372
799148
339663
139361
392604
961789
518503
954479
963476
431813
358446
623993
155711
253345
188963
780447
542610
766968
445814
888483
022420
286838
426504
576077
913282
307995
288993
086636
656653
278498
773378
022364
191871
820448
746702
874069
027970
224376
553740
081288
097154
101955
263271
241130
328046
805711
234490
481369
031412
526692
590674
028198
928158
227963
184345
279517
438638
021984
305875
877704
085410
280586
624351
212681
673962
985712
704249
563872
338857
886060
534467
203214
638388
581071
185199
982477
794533
174675
643486
341726
848455
751896
292979
099667
570535
162124
634983
109812
548525
192230
164124
427579
029882
619110
079286
280936
015401
468369
251774
646462
058401
080464
691365
845878
062418
538328
551882
559741
116632
921945
206332
004431
514662
343425
692100
384357
653818
446355
529410
675833
878801
025951
652067
584631
737222
282288
174174
369326
949307
594340
069140
153354
895621
679110
511577
086014
295655
764241
189450
095110
962089
916260
610671
915520
195887
020984
348256
278509
101688
314089
741135
975281
105867
718524
446729
688054
034339
895513
694155
954845
611203
157486
024842
905936
303392
181188
518403
566971
107887
498009
267760
268052
216945
272389
036666
825561
314279
724921
741453
152589
851882
051978
025279
194388
594120
859522
683490
958482
360809
464068
623562
466179
854014
006228
719552
003834
413848
282894
908847
760860
062206
282067
620285
506108
433447
301177
903851
245670
591617
568657
669332
413422
765325
769113
241109
160331
115732
910515
610071
736409
045623
550293
517906
472467
423668
774005
228668
702555
519072
902019
865156
413002
717999
792097
530383
928995
777213
332558
807415
769824
000968
502799
971405
044590
663813
235356
724304
053415
711229
948507
676928
975285
887568
549107
535839
821736
511753
726266
336348
983276
008514
501165
340127
499202
962339
338200
442168
284581
822870
837831
011515
599570
784722
299580
005651
494705
918725
103982
257235
674549
743448
495056
970599
635567
125432
843604
175416
815413
361903
444684
919911
009335
333956
306740
870433
991975
955179
574042
676338
776471
919881
279862
806260
323191
402112
121024
666956
716557
751427
785826
300998
456161
087024
271198
038679
628556
405661
542285
071490
776757
800508
915702
920204
616931
819913
318530
639321
279472
369865
565259
209285
898153
937465
701930
008515
843318
276134
488078
833791
964863
326154
880861
189250
802967
653962
642346
203439
728218
291528
398727
421320
109929
181125
485319
839987
995335
263352
510070
620547
704676
014604
072482
956176
107505
344627
825916
327908
759510
709064
507795
252088
187658
570425
300484
088158
997331
155569
302476
714506
281972
880707
570602
408475
329474
714126
641181
503692
508536
679633
998339
887237
120358
258049
505979
331703
598753
613651
735399
795539
589182
227077
917225
014479
387889
668620
656657
866171
753462
684673
144502
225525
925146
115836
279316
402596
925534
911546
380170
529178
197348
044420
155328
202221
514111
929312
287827
229313
241029
448372
521399
110668
315905
058071
906495
411134
934080
154810
315310
263653
089824
890927
741019
865478
770697
401221
005799
883606
696221
057671
015059
910508
237767
222481
216225
156948
441399
016736
122929
679550
127350
730031
941735
919749
829360
605043
439502
464998
628050
482849
923915
792982
183051
884703
721389
228301
031819
799151
829008
543696
228602
962425
727488
758170
718761
272528
490648
652862
302150
845288
096736
655996
485719
377355
296238
010566
136498
775005
977993
438377
778279
067961
261583
162152
219589
263832
836174
670337
917336
534863
511139
104467
949131
954020
712640
406794
906439
275888
424575
720346
119908
322422
716596
639572
303467
659525
628122
494244
531527
488588
667471
895607
623919
078736
914047
101028
663193
799446
663948
177317
301406
028141
173686
706515
754819
736325
457751
383699
067538
158785
943449
603221
088255
364380
369161
863582
757790
553456
220848
930248
933409
613365
275596
907521
528228
177347
672363
439450
011850
179056
362410
900490
170981
682934
979681
588900
527374
180126
053771
659079
987730
297862
123442
747426
754366
735130
137081
505495
806768
135407
995733
428901
761208
205968
902827
363143
815777
964447
211702
506002
107349
586251
063476
155285
803600
146632
282328
878860
997090
114926
877134
078037
224440
756499
837041
917636
140883
421850
970416
890878
685428
767903
241692
594181
664318
951919
037749
182899
385513
846316
833346
709632
991880
889270
139868
083789
704910
454893
219545
148739
374126
392815
949548
844676
694430
939556
909563
168149
041140
903238
761238
540842
406677
992897
657595
747358
272929
264128
431445
596101
184013
745198
273967
214042
989171
592203
707396
295296
453244
560512
353772
524447
110741
697524
503408
601732
725253
056966
018234
368783
052972
177852
514106
833098
719363
277048
067424
340692
291939
091605
714058
340626
281063
774027
659392
142166
711596
341039
011125
304170
976736
806470
339492
357666
941249
954898
216746
288654
638788
390840
195200
664298
604441
096790
095738
441677
207691
301629
256784
743261
231663
189686
668543
441856
698765
371870
789572
526944
173923
705992
785191
210598
500373
388088
155418
692415
830714
377694
018492
092730
962229
781913
037773
499015
875557
624758
843421
095893
671782
086345
131628
081260
573649
457904
647201
958840
626511
321715
536309
200902
159428
311501
637818
659918
231768
742485
892375
326289
955321
593124
560364
001667
302700
281624
546181
404334
621119
402131
260848
909097
439738
363887
132450
638778
522057
779333
665412
425568
168485
862971
260426
876024
852317
690054
333067
198039
224976
847788
537929
224792
681146
157579
083499
013573
108268
161837
943820
261613
247433
176789
996997
048213
849939
415592
140906
939036
077062
457507
563340
703004
779495
206248
065754
623204
329947
955464
553624
561186
266456
346556
987003
222030
336303
645156
413564
340559
832502
180326
991745
999109
532921
072456
082882
626053
447300
916791
007595
808312
890451
622619
404022
779133
600556
873091
419687
534497
707788
625386
975166
454716
334834
901518
467331
331363
609342
874939
889039
401618
174273
796886
640777
050944
374004
770389
526195
396709
420041
371036
895508
373457
499161
358758
219549
313138
522175
644773
134983
724981
580487
075760
280606
934793
207033
367057
302646
303114
256373
102920
705551
230021
366484
361106
038802
864555
807707
968448
759713
139934
507834
923766
051131
762978
534780
469417
563623
040527
454194
636943
425698
292283
650998
561573
599920
289478
561819
180481
036966
874996
139771
882018
882383
316661
250640
800688
462714
537958
437472
372977
746587
711068
351798
437780
638554
536988
323942
957354
084278
384394
060770
689280
086174
658869
339801
631822
851959
372769
707198
853530
686632
565284
304623
083507
532448
866748
871587
223579
636966
931590
327333
295339
130115
331201
757247
887376
732244
182940
578861
455953
363484
834629
748108
559685
241099
253542
710934
387261
933763
892545
280894
913351
681091
143995
176599
249965
386941
094703
205508
148839
768876
161541
639814
339270
793629
839006
470404
621759
595484
620902
332884
196854
302557
273408
677470
027643
517430
006542
275696
291568
279385
462324
656250
029713
012430
936042
765727
766955
701431
755652
532567
164526
829365
894662
939404
742193
027004
080502
432309
905391
590479
022633
362123
051509
214527
013947
009793
856940
074864
922816
560267
922317
371490
421056
817097
047129
458879
012816
064056
793778
428515
638345
449177
027924
973022
661787
487417
893769
527962
411134
590283
064769
640695
312458
562591
040937
051893
810773
255550
546284
525066
570187
828783
548156
274965
194828
743273
716373
229394
254972
324604
755603
627003
310929
254833
127430
660405
692947
376295
481910
319468
437405
985374
740057
054500
319988
891215
308919
272808
148975
099529
061694
735228
953824
835265
125246
391779
514767
570221
812680
378476
387651
480790
711849
821527
651061
004938
879565
064728
125120
095074
964865
047215
444598
722365
475177
341434
486747
385050
501297
914504
587562
144201
712666
898640
703370
624010
688527
387817
995300
632565
911820
551739
929387
809091
466575
809517
586322
317147
436425
693487
043737
200274
711770
877421
677348
451214
473055
250636
535329
905811
392748
327377
903534
030944
924338
358213
986850
525044
722952
962270
213407
990947
042570
775055
434477
592000
020872
780408
113011
073977
968095
777797
560470
159227
657750
539172
932153
118930
158280
376015
186482
046544
517477
619557
623602
306383
673788
598347
703791
616512
515752
140188
547310
442013
394585
340251
614600
814506
015226
814283
175429
747342
179172
977867
084927
650546
664269
786739
183280
721147
484163
387620
145488
158360
176414
184065
498460
403117
374465
562459
447318
846403
857098
206998
368108
889554
189845
532597
132694
500065
333795
519523
389764
983600
621018
082550
849373
948784
502136
973582
668479
927266
665886
983716
512768
021798
951237
267131
984429
664541
115444
432384
788685
335633
214248
162965
682256
187006
620346
950799
782582
601820
955477
894991
270621
312797
677049
248201
599920
312326
088088
777952
146416
101163
418817
260174
855348
034701
740033
170612
753289
869003
902179
139507
993147
331935
930453
481934
424612
277191
451849
372035
591378
395525
884604
156662
743068
993064
050231
170551
410439
000979
530788
346090
974192
562627
577535
847015
608785
297664
683568
953159
469292
647633
845297
848704
783825
730690
711900
701893
306098
866616
464816
601723
698036
798239
263922
063046
272022
234058
340361
871080
418000
803670
934374
572748
320807
877173
321767
615610
173089
126366
409891
658584
508990
921264
844161
829903
164093
611038
813736
085273
680501
272913
515931
406324
880349
147597
263316
293712
968716
797200
911492
236004
634225
049825
064102
824852
281954
231335
287104
673293
830966
184684
395891
394828
840434
083809
193881
505225
470553
965771
662372
864429
362036
246938
729245
409328
311377
902003
509026
848385
729922
580655
348393
364707
533402
516435
726640
343435
091289
253156
604404
408036
106382
229021
370442
133264
376108
455007
017102
368288
354752
606067
360017
646247
941959
333305
897516
051384
551270
075936
323257
568495
861788
079251
270408
289464
445844
888021
294936
529751
801776
824810
561914
312778
672192
389482
452861
664704
448042
023001
084903
831835
881842
774332
850605
306011
648177
027374
046100
075556
116772
183334
735231
652058
913682
995867
308441
918929
257623
057860
760568
871739
869962
661023
612147
317033
787145
552117
697323
553545
476613
653139
963396
291203
650309
067737
552799
827737
796531
607032
311021
188538
023275
387805
726960
634273
847828
320428
447048
856019
425177
910984
161843
629784
639505
662224
215113
654960
247159
882084
357666
150446
973517
393717
153029
530433
777815
417687
304368
075688
764603
217139
656597
878856
740614
849330
933463
421428
503358
165014
149130
562644
681909
098437
509167
045209
882536
808773
773707
427661
347474
943364
499744
345311
155725
108970
268170
752434
059752
654980
361790
366991
860484
363700
060382
949811
005799
269541
705316
412633
479327
798969
207522
875238
829040
890437
551375
091321
934520
618642
973156
035573
652584
571236
477765
988797
420310
839885
714394
735155
355690
343326
545233
288619
588831
472154
078407
243939
400533
155186
713375
283037
252305
009881
568668
287090
520043
270632
446141
182383
265470
586860
480862
318904
579271
230344
341528
460342
975088
669230
559310
688272
147729
501137
062998
322227
039977
605309
536945
941658
944016
031255
608272
239323
554941
660454
639657
148289
131474
694369
466085
265645
087833
580729
897779
522805
112768
502951
953852
958851
584578
792212
676713
073760
235110
302706
425438
446037
045632
795996
166283
382443
854942
373883
452157
744051
377411
783065
920813
446324
908151
181737
744300
304110
592296
097489
262204
591381
340918
131886
327522
396033
601190
796156
296207
851194
186141
428466
182275
011957
175271
479806
826129
856933
573104
978529
875775
132467
832583
069573
407891
612925
382486
898223
408057
618100
678408
237734
399932
518416
540135
090717
339133
077785
206948
668621
085184
928502
017611
097235
849987
557188
177025
888994
639201
937757
290284
211487
515925
489901
124069
568082
917202
608007
674523
125047
367892
934202
074328
744835
015939
148079
381426
225386
257010
108943
719481
044650
977682
273053
575605
511504
548978
941167
752770
386188
744342
426239
717148
167107
736750
487285
340950
546020
099296
247653
787113
615701
943307
533099
323800
980842
566801
486888
864017
456250
697306
059974
836375
371211
922171
024410
370947
149118
086223
093807
864841
940786
826217
321454
394070
623221
775590
694845
170255
058208
607634
324996
123553
788396
285833
474371
698223
138331
409849
113352
655877
023653
182323
335768
372331
308904
698058
255848
888829
266166
299352
042415
122139
544521
248266
005817
838124
889015
902378
606325
148500
326383
636721
852682
019553
117525
075319
480061
051235
440739
325256
998178
345657
749310
167303
817490
013496
684815
235983
504227
900561
429888
728307
592866
498088
499167
291590
817893
239570
370081
872164
670186
704634
346833
875153
313900
337894
001817
847172
005723
662259
716055
986579
744196
319519
603717
244958
354615
259479
389742
124645
504811
153298
902924
929586
975061
980961
263373
618912
630752
965346
947972
437793
293894
090004
931736
498721
621020
739538
291242
225276
595312
468137
166340
167344
674525
792252
214622
702804
817327
021034
452389
114948
033661
299502
403651
174212
756248
755739
112622
472054
261456
229660
224499
666083
269735
150149
586543
503069
738836
497047
936617
743275
423111
978484
328087
726079
280371
102725
855580
225797
374230
346744
584157
469366
819860
692901
636100
984135
197280
785252
109278
483061
634923
692776
799452
818033
252748
745033
843125
144878
953012
548680
284759
394903
990900
568968
704098
553946
312354
543053
308894
863595
478307
384921
933424
449091
173288
816507
152349
038292
328273
179196
778786
257670
580520
620250
452719
315586
019700
731899
025352
917189
257934
413502
573429
284219
878561
671339
575084
500091
395225
050896
878469
412825
038600
454311
165825
710523
700077
382097
491552
998781
047205
662362
864252
778084
537833
736276
224523
211803
523356
457169
758424
565515
258539
408520
269009
029374
746970
497330
663630
871550
557720
174181
417571
120553
931942
075100
716370
277121
466008
748699
897972
787388
755180
304244
679362
477500
403952
687405
345772
507502
849606
447065
652421
964567
833700
604536
211300
986724
039850
707815
587728
511368
469537
217406
292673
601712
487949
299946
935699
647908
206781
014575
401277
795590
764919
263687
538474
224939
314661
291047
729456
395473
733991
341595
261410
301740
848283
812328
012138
230056
442128
828900
033395
279488
349741
725240
474559
201050
239233
574740
874897
289734
426553
064931
432512
334713
910353
384542
931747
171270
310014
901740
758856
545430
095389
974390
655827
466426
811821
840615
241352
275701
661169
036378
998092
398525
316127
587214
914586
767564
263464
026895
739726
832831
121466
075585
040080
696527
157512
742034
300060
378281
470974
338702
558381
147928
878207
173178
055621
863689
327856
935016
942238
493436
164951
048488
244316
275361
475973
654662
812870
177731
279686
592881
278227
375215
673046
347411
700722
018740
600068
266156
175770
137899
593773
099137
152828
283238
527616
676787
828206
967164
600175
296974
694985
934520
225768
728971
586937
549688
221316
337534
850154
335480
512639
122939
973268
502005
136436
306406
783940
666663
145005
548592
147681
593198
975372
134770
033036
811080
660609
039307
851452
180604
953368
160025
354797
214665
082481
334195
625909
062481
794724
304668
508009
313995
913392
339822
715945
297512
942153
300310
823698
681449
214370
152879
791241
562667
790990
714330
060875
389342
740579
806110
857996
092038
460014
471343
103960
129467
709168
195351
936431
098749
438902
174557
270659
937574
968334
645011
602167
113174
013565
059529
133612
281254
490127
343812
158181
690533
024766
830120
267755
564973
880386
127316
830081
577844
048278
147096
575494
025882
449428
182917
514302
935035
689221
489383
309160
621301
751271
741195
781805
085071
616033
051008
290525
785023
989805
671428
289491
569783
728277
316340
112733
908009
446371
624940
910161
129357
616291
439367
264951
382389
381617
849425
781463
250331
736678
699666
104419
882078
177244
271802
634239
617832
985447
151609
939998
035807
686571
704389
809280
499690
707248
749299
742905
172089
213159
177831
316168
370127
289625
028540
887711
577260
569372
186231
379515
451088
141527
866339
752863
274811
331344
044306
404671
417080
197100
082403
715012
320819
475372
334160
338645
874469
079605
595523
336413
280085
655146
233534
832933
599196
081004
808816
438860
978305
906462
149545
073787
664966
992366
028796
783977
053386
766623
471406
615752
270492
324073
531499
752310
206219
336560
005291
569462
079481
722690
390886
775102
351412
342558
235673
111950
935670
646041
314237
718665
821745
710475
155973
960820
205898
726020
529207
134201
124862
558781
701224
883930
045634
903231
067989
249319
941030
313516
026069
267960
871091
504163
036098
375542
236013
295946
422737
515393
249353
110610
736105
122270
010148
979549
721387
209460
064935
751447
162931
418712
088131
313009
898036
391292
123207
187334
960079
724849
203710
046203
372455
966597
438234
679513
319932
389020
325428
888250
218010
368781
013512
070917
256356
160099
771289
479872
323651
087987
169246
237976
508520
757552
446593
370773
415162
877029
985751
657601
115479
120687
903789
172966
304121
494574
700039
159999
126132
644652
587448
300556
271506
500723
731209
447367
115231
562372
812585
772894
915595
512690
012884
028262
525191
317251
023515
280475
744014
950269
161595
864438
158596
393280
681155
514031
617319
679544
738079
703953
324999
776406
947375
953090
983579
031754
155343
615387
593360
365179
005034
275010
529170
896255
879305
819739
158573
592977
288381
730426
237922
698394
080860
120243
002688
264950
462589
190076
047531
172314
016685
734296
345226
114644
087438
759196
653046
319816
021728
494543
907530
131004
421800
861071
309848
808446
975068
690487
705299
788244
762701
436480
862942
358995
185374
786578
923991
108273
533159
870383
098923
248986
112365
796114
647100
441041
687650
441696
682165
605673
126184
215864
189870
911549
194336
237347
293956
038215
342907
081340
223376
218318
150573
107357
007644
716291
205435
361794
810375
009463
280481
259815
191121
588728
977814
781329
589751
733229
305688
968064
575624
262725
162702
588310
510047
420005
488021
976481
966238
780771
527206
536610
866761
972936
804205
453726
133139
867485
108184
485297
359532
055170
277916
818900
176849
027155
835533
788043
868870
068559
534578
448143
077535
623385
962573
790816
006454
946433
070988
792928
406672
697974
013835
413323
718447
785797
572189
387332
216226
019202
224917
296814
100927
328509
708436
919239
250689
793520
710613
604978
361414
558873
894229
606798
748734
659832
836599
477899
060896
219094
121125
926206
937415
993918
907308
454346
961495
883433
529425
833870
155956
687276
848186
469851
189642
979519
792348
233893
451584
525455
352496
870531
842179
208834
680337
254696
283541
420483
719686
621752
457582
866321
279614
898373
464644
978832
672765
357445
232813
201560
064076
135862
921233
872752
